start=20.900000
speed=0.263331
