start=272.400000
speed=1.100000
ab-loop-a=318.400000
