start=1261.066333
speed=1.464100
