start=8242.118000
speed=1.948717
