start=6126.067000
speed=1.948717
