start=441.274167
speed=1.948737
