start=1468.066600
speed=1.100011
