start=747.533333
speed=1.464100
