start=14218.732000
speed=2.143589
