start=1200.623011
speed=1.610510
