start=1293.458833
speed=1.948717
