start=19.414000
speed=1.464100
