start=7082.737000
speed=1.771579
