start=1431.458333
speed=1.464100
