start=7460.250000
speed=1.464100
