start=7839.885000
speed=1.771579
