start=2627.758467
speed=1.464100
