start=8908.086000
speed=1.771650
volume=130.000000
