start=1413.113113
speed=2.357948
