start=551.652000
speed=1.464100
