start=6664.251000
speed=1.464100
