start=499.132000
speed=1.464100
