start=1422.083333
speed=1.610510
