start=606.105500
speed=1.771561
