start=9245.695000
speed=1.610510
