start=89.600000
speed=1.948717
pause=yes
