start=3765.433000
speed=1.610510
