start=765.631533
speed=1.771596
