start=1431.291667
speed=1.771561
