start=372.332000
speed=1.948717
