start=4337.360000
speed=1.610510
