start=461.219000
speed=1.610526
