start=3866.462000
speed=2.143610
