start=806.572433
speed=1.331000
pause=yes
