start=1434.066000
speed=1.464100
