start=170.303000
speed=1.948737
pause=yes
