start=1438.086880
speed=1.948717
