start=332.598933
speed=1.100000
