start=3935.100000
speed=1.610510
