start=926.993000
speed=1.464100
