start=394.240000
speed=1.948815
pause=yes
