start=6107.902941
speed=1.610510
pause=yes
