start=345.885000
speed=1.331000
