start=454.900000
speed=1.464100
