start=1808.293000
speed=1.210000
