start=848.252000
speed=1.464100
