start=7522.221000
speed=1.771561
