start=3251.156000
speed=1.771615
pause=yes
