start=4092.488000
speed=1.610510
