start=193.699000
speed=1.331000
