start=1986.241841
speed=1.464100
