start=7745.495495
speed=1.948756
sub-delay=2.400000
