start=3807.136667
speed=1.948873
pause=yes
