start=944.860583
speed=2.853202
fullscreen=yes
ab-loop-a=872.580042
