start=155.697000
speed=1.771561
