start=822.555000
speed=1.331027
