start=4703.932567
speed=1.464144
fullscreen=yes
