start=1488.159000
speed=1.464100
