start=606.806200
speed=1.948717
