start=103.603500
speed=1.771561
