start=2084.552000
speed=1.464100
