start=3329.585000
speed=1.610526
