start=6538.699000
speed=1.610510
