start=14814.299000
speed=1.610510
