start=3076.600000
speed=1.771561
