start=803.652000
speed=1.210000
