start=1477.976000
speed=1.610510
