start=6444.733000
speed=2.143589
