start=335.145000
speed=1.464100
