start=6317.490000
speed=1.000060
