start=1651.249600
speed=1.771561
