start=3613.293000
speed=1.464115
pause=yes
