start=7373.872000
speed=1.210000
