start=2373.211569
speed=1.610510
