start=462.837000
speed=1.331000
