start=676.423211
speed=1.948717
