start=1460.833000
speed=1.210000
