start=25.000333
speed=2.358042
pause=yes
