start=3109.833000
speed=1.610510
