start=3321.226267
speed=1.948717
