start=8073.018397
speed=1.464100
