start=1426.591833
speed=1.771561
