start=2562.726833
speed=1.771561
