start=28776.433000
speed=1.464100
