start=1334.750083
speed=1.771561
