start=120.386933
speed=1.464100
