start=5886.964000
speed=1.948776
