start=3266.685000
speed=1.610510
pause=yes
