start=772.305000
speed=1.464100
