start=398.773000
speed=1.948717
fullscreen=yes
