start=953.765000
speed=1.771561
