start=156.388425
speed=1.000070
pause=yes
volume=78.000000
contrast=-2
