start=1209.967000
speed=1.464100
