start=3701.926000
speed=1.610510
sub-delay=0.100000
