start=6972.552000
speed=1.210000
