start=1734.858125
speed=2.358066
fullscreen=yes
