start=4631.992000
speed=1.464100
