start=2442.356000
speed=1.771614
fullscreen=yes
