start=48.566667
speed=1.948717
pause=yes
