start=2702.985000
speed=1.610510
