start=235.319000
speed=1.771561
