start=7353.960000
speed=1.948717
