start=7077.345000
speed=1.610574
