start=2681.033333
speed=1.610526
pause=yes
