start=7756.292000
speed=1.100000
