start=5584.333333
speed=1.948912
