start=1.768433
volume=98.000000
sid=no
