start=21.333667
speed=1.771561
pause=yes
volume=130.000000
