start=493.309000
speed=1.610510
