start=3705.572239
speed=1.948756
fullscreen=yes
ab-loop-a=0.967634
