start=2350.097000
speed=1.948717
fullscreen=yes
