start=721.533333
speed=1.464466
