start=92.733333
speed=1.948931
