start=130.400000
speed=1.771561
pause=yes
