start=1137.153000
speed=1.331053
