start=702.902200
speed=2.143589
