start=2.082000
speed=1.948717
