start=3716.045667
speed=1.948717
