start=8736.873000
speed=1.464115
pause=yes
