start=315.522000
speed=1.771561
