start=194.722000
speed=1.610542
