start=4940.333333
speed=1.331000
