start=111.111000
speed=1.100000
pause=yes
