start=16066.233000
speed=1.771579
