start=19288.309000
speed=1.464100
