start=2362.667000
speed=1.948717
pause=yes
