start=1277.943333
speed=2.143589
