start=1368.033333
speed=2.357948
