start=6726.559893
speed=1.771561
sid=1
