start=2821.685533
speed=2.143675
