start=5865.032000
speed=1.610510
fullscreen=yes
