start=10109.100000
speed=1.948756
ab-loop-a=0.367000
