start=2570.034133
speed=1.610510
