start=1396.186458
speed=2.143632
