start=613.852000
speed=1.464100
