start=2518.582733
speed=1.771579
