start=729.866667
speed=1.771561
