start=0.932908
speed=2.358089
pause=yes
