start=1421.378292
speed=1.464100
