start=1458.990867
speed=1.948776
