start=2319.019000
speed=1.464100
aid=1
