start=6460.185000
speed=1.610510
