start=1375.290583
speed=1.610510
