start=45.445400
speed=1.464100
