start=479.812667
speed=1.100000
pause=yes
