start=2331.495833
speed=1.948717
