start=5651.752000
speed=1.771650
pause=yes
