start=6451.467000
speed=1.464129
