start=8943.290989
speed=1.610510
