start=5811.899000
speed=2.143589
