start=7366.741742
speed=1.610510
sid=1
