start=2603.760000
speed=1.331000
