start=929.763096
speed=1.331000
