start=709.375333
speed=2.143589
