start=1125.023900
speed=1.331000
