start=7224.728000
speed=2.143610
