start=1012.852000
speed=1.464100
