start=984.590667
speed=1.331000
