start=11945.654000
speed=1.948717
